3.67154929205639
-3.05227820062365
0.502492477144179
-2.27198550546494
-2.28022820499146
-0.781783917368586
-2.25058134632256
-1.04343803462547
-2.61927285601808
3.90357877690854
0.230300710492033
-2.1248872806063
0.455494481147794
0.129660210163697
-4.40646905234097
2.4582922274834
0.0621376734831203
-6.49719927814172
-0.719668855437389
2.00055835431585
-1.90224978731029
-0.685280720463775
-1.65671031902944
-1.28357283175218
-1.18471311792909
-2.23916511204868
-2.09929679233725
4.17623794717004
0.22782544719356
-2.03542040859087
1.59145042428648
-0.586481895506493
-0.893857570214847
-1.5371596328609
-7.59262420858516
-2.12146824311294
1.65641826635769
-0.620739974485729
3.39241403202864
-0.291752431870694
-0.373601159150987
-1.20288133557276
-0.182584659102907
1.02952943051133
-3.07974662640484
-5.50550502429858
-4.37520501910977
1.1564229796753
3.80394622733493
0.567144425808768
-3.5005425592182
-1.95250637614862
-0.356322460245751
-2.89648893491685
0.441456852547427
-0.350416766339326
-1.72204269907116
0.0600843762436323
0.88662678584361
-0.752669490458183
-0.0679694901090124
1.02152931992865
-0.985432468421541
0.325070846805923
3.23348882067959
1.46628965568612
-1.41308634651162
-6.04830476455859
-7.45844766314972
-2.29979609078211
2.31739743233526
-1.16884476691472
-3.35681357963937
-2.21554041348988
0.587329088431394
-3.82863964943128
-6.93337457214933
-3.36981773645858
-3.20312422335009
-2.03495480207096
-0.989363039886575
-2.68486446133761
-2.34973435742775
-2.3331820209638
-2.62685508941211
-2.46963983608399
-0.386430026280689
-2.7857063307143
-0.439046315683384
-1.75901939238687
3.25955145345303
-2.40060069119322
-0.292191752485453
3.54000615667001
-0.415692669209407
-3.08434374173025
-0.940304072789519
1.80674492780928
-1.47632570077642
-0.583474746757531
-3.04265020287899
-4.38583786041602
-4.47657092899472
-1.46586171583915
0.538922289617173
4.74885039909103
0.875818296706934
2.34669991453168
3.06852122023086
-3.56598088446136
-2.09531053126234
-1.40434291018103
-0.730067305073964
-4.61110457334327
-1.83626361825161
0.442073023117905
-0.557210166597032
-8.12255455515475
-3.1802518747607
-1.79660247713611
-2.56640562466673
2.29068810079905
-2.48516002046057
-2.24518696701518
-3.06465780874899
-1.20776829224783
2.63837637431631
-3.7263294373892
-0.0319902475775802
0.225032162955744
1.58720448976696
0.900991277713537
1.48606117307109
-0.798328627471681
-1.11883849598614
-0.691358081213976
-3.15945391055978
-0.867610331620663
-5.31938463908396
-2.29429525482154
0.434473343307722
-2.06302052437314
-2.48488035572074
-2.59259835074378
0.283288579450174
1.18076191348428
-2.17922280221432
-1.23518111596164
-0.217098997713323
-2.35347218252388
-3.7092000392675
-2.16987585383167
-0.981878365801434
-2.83981990962773
-5.79986346063894
-2.16861134688198
-1.65954517924615
-4.29171413384003
-1.63852435760501
-0.736205424000753
-1.27562902153095
0.860905055188276
0.206517690080168
-0.142297225471371
-2.72107859611147
-0.0445713104263086
0.53809360315614
-2.35529963291032
-1.6519287716006
-1.38696049495023
-0.81820990787849
-1.36480546223079
-4.26247495785675
-2.88003762639776
-2.15676213638232
-3.08202608172072
0.729024016057214
-1.12711861607067
0.335226101128804
-1.51028072277034
-4.96553339256646
0.218534935545928
-2.7338524666177
-2.01347197624312
-0.179178913895817
-1.51474240323873
-3.61226920698932
-1.3692024712216
2.40331119232778
-5.62987232120604
-3.78976561050084
-0.806203807428202
-3.99467806752181
-3.10191958881281
-2.99577121648734
0.708624861332027
-1.48158784506125
1.67354579582928
-2.97255550296786
-1.90723949473437
-2.54933777021625
2.23417162607455
2.28831230837528
-2.97527111108467
1.1935083875032
-2.05422993166789
-0.857324216591529
-1.20629721256527
-0.0984055489999282
1.56217532304123
-1.0604017250933
-3.14673566192155
-2.39170292933664
-0.90790702511739
-0.14958406600421
-1.58726893014929
3.83196418023802
-2.48291479612361
0.442072107787288
-1.13344052148697
-0.0250344079311325
-2.37599092450027
-4.44697061094231
-3.72913795435319
1.48111504236565
-1.75827475938035
-0.966448827966749
-7.01164561826807
0.594325787413464
-2.90238615288416
-5.35288555833592
-0.505584594454889
-2.32569194439942
-1.89975545737756
-0.045636371600307
-2.06538376378997
-0.159289224068514
1.95928176889828
-3.8352144079513
-1.38628730771907
1.18263075634461
-0.766912551987678
-4.2776730404155
1.22344497431817
1.24345431337337
-3.74856612500632
-2.94273316344255
2.365778120739
0.026166674352328
-2.03753349386039
3.27158403697819
3.30519265357394
-2.77697289800929
-1.52279101392972
-0.657711740736298
-3.87733952086592
-0.0966278032720406
2.92103313904246
-0.702541691013578
-2.2085150593249
4.98883102398415
-1.69334081000596
-2.5644769206231
-0.143432909896661
-2.26417718461335
-1.74927343496368
-1.0261703845812
-1.8702194064086
-0.324223665731502
-6.30449947320378
-1.86400573009938
3.50839086461966
0.0720351758179901
-2.86445518036328
2.49888799897458
1.57898272789124
2.04131007063838
-0.0944652136284063
1.69068609426618
0.526275278773735
-3.10925792987592
-3.95016303749359
-0.373549387235087
-5.22313640502564
-0.522079824500652
-1.594189973101
-4.4126461439643
-2.20760807990237
0.480040705670493
-2.58075440496168
-1.02135880387402
-0.995189977683763
1.34693693781835
-0.439201025002988
-1.84819693911141
-0.0981703039819759
-1.48005784272712
-0.940624869392814
0.743138048601557
2.8060435710078
-2.58962883451036
-6.18397700043736
-1.64018485347978
2.44953682502767
1.65278015100621
-0.607595688929494
-3.79749578204372
3.98558092069287
-2.99242227980012
-4.43518205467654
-1.89911000392859
-1.15322488923108
-0.334396081796952
-4.45539616482968
-1.86055371984334
1.18196327958791
2.10829563361079
-1.59852490749311
-0.592011589716944
-3.27723507134955
0.278897724249444
-1.90133297563776
-3.92426229425051
-1.90523774077375
0.982543764167993
-7.94255847142554
2.07940742712276
-0.208964391288681
-1.2201062665046
-5.50866073426364
0.395889464774236
0.167487481722511
-0.0650393684824829
-1.49241865313318
-0.843073385097439
-4.77923122761414
-4.25478842110671
-3.05947974536711
-4.11024600120173
-2.84157615575483
-1.27617237462251
-4.44570264152225
-0.704901838194874
-3.48727178781891
3.33671253051193
3.57720934080468
0.92154284012061
1.93361037548367
-6.9733495899937
-1.09073814334113
-1.0074858196255
0.354526666178533
-3.97393531851055
-3.08185046183695
-3.42770748724931
-0.884098966558169
-2.3781808353195
-5.15635066356667
-2.22614836514209
-1.22017505483473
-0.791853223283187
-0.389671134366792
1.01073817472333
2.45095109400594
-0.812135492593044
0.319659231653803
3.59007878154267
-0.806696632527719
-1.89338239585496
1.70233459628147
-2.00778610167201
-1.50136347464914
-2.57047937366285
0.283351922858249
0.0932613117643317
0.630696037177032
-2.64649900042132
3.48933411832363
-3.7297640626165
-2.99591524363964
-3.3565458685001
-1.17615490870129
0.0550856594582642
-2.00608024499994
-4.86765624170614
-4.03501180896106
-8.14571578102287
-0.0791551390421737
-0.402049727889289
-4.22011835629419
3.0194127090507
-3.25744362091884
-3.27223104362343
-2.54918589286526
0.770414579058432
0.541478195458157
-4.51240480071119
-0.8781525484641
-3.066683148065
1.15228732505146
0.568122425528232
-1.07584403157382
-1.94665587057244
-5.43670366896344
-4.89257474703282
-3.13944465008734
-2.06759189241974
-0.611572382681445
-7.53562476664632
-0.8288168471787
-2.71784240292385
1.07480047307523
-2.34489703350339
-1.06256401678244
-2.65810474613834
-2.3581141073612
-3.51695875139936
-2.59305859688691
-0.116219402151251
-2.24346206397597
-2.12164015065356
-2.06586302798644
-0.331751764526632
-3.52735227499318
-1.87771961716622
-0.460011215118423
-1.32113838578984
-3.251315761777
-1.40630047109852
0.004824535750245
1.2556398318245
0.989162694682783
2.19747199846729
-1.87888528068286
2.16841385201515
-3.53937324843183
-1.5496227300957
-3.36500956543504
1.14347181555589
5.40861538638616
0.0429460445909553
0.946426272366657
-4.87029600770664
-3.44812287126621
-3.54469224557389
-1.18388513341203
-2.37514162071592
-4.54872318340193
-0.287560582918024
-4.2301984130458
-3.28536430041143
-0.860739828006216
1.74458691959064
-7.06460921806742
-5.62428399887149
-3.86567490383159
-1.38586176114869
2.02317687725986
-1.68695923483767
-0.779590463040153
-3.96685543577367
-5.8429945758896
-1.43127938271997
-3.80355390742304
6.06206253182655
-2.31321449222782
1.08704420951225
-4.47451081236276
0.468136568727088
3.2009814994384
-1.7413120024435
-2.01512153958928
-4.84526259068787
-1.97834951756151
-0.238029549466107
-5.45479782185772
0.603268277326879
-1.13211513564172
0.946811672435269
0.48766365057229
1.83182680539558
-3.35383260626122
-4.2818508397932
2.00561884771145
0.417916791101413
-3.71704803385553
-2.39842068442816
0.452516021317588
-2.22777546668284
-0.916143287851537
-1.01148433785671
0.836951888823793
1.99537484571987
2.23893110825227
3.15033676314216
-3.18120250829436
-0.176621626254014
-1.6522869155993
-1.22925868679627
2.24845658051967
